1
27
cmokie
cmokit
cocokee
codkie
cookee
cookie
fbower
floier
floteh
floweh
flower
flowger
flowgher
flpowger
icofokie
icookie
icookieg
jstrike
pcookee
sqtkike
stkike
stkikf
stkikve
strbkf
strike
strikf
strnike
20 244
2 7 13
0
13 9 15
0
2 12 10
0
13 14 5
0
3 20 5
0
2 33 10
0
13 34 10
0
11 35 12
0
11 38 10
0
3 39 11
0
12 41 5
0
3 42 10
0
14 43 24
0
9 44 24
0
19 45 22
0
4 48 10
0
19 50 24
0
2 51 1
0
13 54 10
0
20 55 10
0
11 58 10
0
2 59 5
0
3 63 15
0
9 64 24
0
12 65 21
0
4 66 25
0
14 67 0
0
3 68 5
0
17 69 24
0
19 70 5
0
12 71 24
0
4 72 24
0
13 73 9
0
14 75 5
0
11 76 24
0
20 77 18
0
13 78 10
0
2 79 20
0
20 80 5
0
2 85 24
0
9 86 10
0
3 87 24
0
17 90 15
0
19 91 10
0
4 92 10
0
12 93 5
0
17 95 5
0
13 96 15
1
cookie
14 97 24
0
11 98 15
1
cookie
20 101 8
0
11 103 5
0
2 104 20
0
9 105 10
0
3 106 25
0
6 107 20
0
2 108 24
0
8 109 7
0
13 110 5
0
16 111 10
0
3 112 24
0
4 113 24
0
12 114 16
0
8 115 10
0
6 116 24
0
14 117 24
0
15 118 10
0
12 119 5
0
17 120 6
0
18 121 15
1
cookie
19 122 5
0
11 123 10
0
20 124 10
0
9 126 17
0
2 127 15
1
cookie
17 128 10
0
9 129 24
0
18 130 5
0
1 131 11
0
3 132 17
0
13 133 17
0
7 134 11
0
1 135 10
0
2 136 5
0
4 137 5
0
6 138 10
0
3 139 24
0
8 140 10
0
7 141 10
0
12 142 25
0
11 143 24
0
13 144 24
0
14 145 7
0
15 146 24
0
12 147 24
0
5 148 10
0
9 149 10
0
16 150 24
0
17 151 6
0
14 152 10
0
18 153 3
0
19 154 15
1
cookie
2 155 17
0
1 156 11
1
flower
6 157 5
0
18 158 5
0
3 159 6
0
4 160 10
0
2 161 24
0
7 162 10
0
8 163 20
0
11 164 15
1
cookie
1 165 10
0
13 166 20
0
3 167 10
0
8 168 24
0
5 169 5
0
11 170 5
0
9 171 17
1
strike
12 172 5
0
13 173 24
0
14 174 10
0
6 175 26
0
9 176 24
0
15 177 24
0
4 178 10
0
6 179 24
0
16 180 7
0
17 181 10
0
7 182 20
1
strike
18 183 15
1
cookie
19 184 5
0
1 185 17
1
strike
3 186 25
1
strike
20 187 4
0
8 188 5
0
5 189 10
0
7 190 24
0
3 191 24
0
10 192 7
0
12 193 10
0
1 194 24
0
13 195 5
0
4 196 5
0
14 197 15
1
cookie
9 198 10
0
15 199 15
1
cookie
6 200 5
0
10 201 10
0
14 202 5
0
16 203 10
0
15 204 5
0
17 205 4
0
18 206 5
0
5 207 9
0
8 208 5
0
7 209 3
0
19 210 17
1
strike
17 211 5
0
1 212 17
1
strike
20 213 5
0
5 214 10
0
13 215 3
0
7 216 5
0
19 217 24
0
1 218 24
0
9 219 10
0
13 220 5
0
10 221 9
0
6 222 2
0
16 223 3
1
cookie
6 226 5
0
8 227 5
0
10 228 10
0
15 229 10
0
18 230 5
0
16 231 5
0
17 232 9
1
flower
20 233 19
0
5 234 15
1
cookie
7 236 5
0
20 237 24
0
5 238 5
0
19 239 3
1
cookie
1 240 5
0
17 242 10
0
6 245 9
1
flower
8 248 10
0
10 249 10
0
6 250 10
0
15 251 9
1
flower
16 252 24
0
18 253 5
0
7 254 10
0
19 255 5
0
5 257 25
1
strike
20 259 5
0
15 261 10
0
1 262 15
1
cookie
17 263 0
0
5 264 24
0
10 268 20
1
strike
1 269 5
0
8 270 11
1
flower
6 271 24
0
16 272 25
1
strike
17 273 5
0
18 274 5
0
7 275 24
0
10 276 24
0
8 277 10
0
16 278 24
0
19 279 24
0
20 280 11
1
flower
5 282 23
0
15 283 0
0
20 286 10
0
15 288 5
0
1 289 20
1
strike
5 291 24
0
6 292 24
0
17 293 11
1
flower
18 294 0
1
cookie
1 295 24
0
10 296 3
1
cookie
7 297 6
0
16 298 11
1
flower
19 299 5
0
10 301 5
0
17 302 10
0
18 303 5
0
7 304 10
0
16 306 10
0
20 307 5
0
10 321 10
0
18 322 14
0
7 324 26
0
18 325 5
0
7 327 24
0
16 328 24
0
10 340 26
0
10 348 24
0
10 366 20
1
strike
10 371 24
0